The minimum transaction fees are different per algorithm.

Quark: 0.0001
Scrypt: 0.00001
SHA-256: 0.00001
X-11: 0.0001